832	354
932	360
932	350
1390	612
1767	618
2740	18
3041	49
3041	217
4075	90
4188	574
4396	344
4396	380
4396	395
4980	173
5916	145
6072	457
6120	335
7224	124
7983	414
8025	314
8219	67
8234	20
9585	5
10203	25
10805	53
10805	59
11787	159
12207	70
12207	196
12905	39
13082	46
15012	0
15068	6
15780	140
15887	374
16433	188
16693	1
17413	16
18453	214
18519	192
18781	30
19272	55
19292	20
19926	50
21285	318
21395	24
22916	24
24812	39
24906	30
25260	325
25382	460
25561	164
26485	32
26485	38
27185	322
27315	13
27701	176
27701	60
27953	136
29317	209
29770	40
31366	661
31366	616
32504	109
33233	153
33329	34
34076	9
37513	75
38157	14
38363	355
38705	161
39827	20
40027	17
40663	331
40941	14
42263	150
42431	232
42582	514
42582	545
42582	571
42792	15
42806	63
43550	230
43550	267
44669	129
45667	50
47227	503
47324	325
48200	508
48352	18
48352	6
48352	3
48452	197
49027	270
50112	284
50138	577
50138	563
50138	552
50138	41
50138	18
50152	31
51050	167
52606	68
55766	78
55766	49
56061	6
56072	91
56759	43
58841	36
59117	50
59231	4
59929	44
59935	48
61064	60
61148	319
61147	58
61620	328
61749	17
61921	229
62398	154
63086	32
63086	14
63742	223
64168	257
65399	602
65608	66
66168	231
66169	276
67020	47
67659	350
68012	67
68012	29
68012	1
69156	16
69156	470
69156	484
70133	30
70133	48
70194	39
71614	229
71614	201
71614	44
71614	40
71614	23
71614	8
71614	0
73397	264
73420	38
73696	172
73835	7
75360	52
75678	91
76003	175
76747	45
77535	506
77535	505
77535	496
77851	32
78058	30
78953	381
81913	348
82699	62
82773	288
82984	410
82984	425
82984	430
83084	169
83323	49
83855	309
85405	49
85405	33
86119	0
88210	27
88210	49
88210	458
88210	470
89121	193
89121	5
89308	65
89703	38
90065	105
90406	27
90783	185
90989	203
91771	303
92205	70
92453	297
92849	168
93275	94
93418	404
93418	393
93418	373
93661	39
94252	50
95378	68
95565	31
95812	60
97407	274
98844	7
99038	52
100007	52
100458	23
100496	656
100496	66
101002	221
101886	186
102214	28
105467	55
106208	65
106452	11
106447	200
108134	376
108202	120
109342	3
110754	38
111088	11
111300	43
111300	1
111662	46
111662	39
111851	281
112588	262
112588	261
112732	376
112782	70
113474	0
113896	49
114078	405
116726	273
117525	66
118393	53
119155	192
120115	42
121553	126
122055	197
123090	50
123720	50
123772	25
123864	7
123940	294
124066	389
124119	4
124175	62
124186	20
124186	15
124328	371
124818	34
124818	150
124853	146
125932	26
126305	136
127903	54
127903	17
128217	169
128217	147
128318	9
128975	168
128984	8
129165	48
129394	57
129922	49
129922	580
130060	49
130060	276
130781	377
131318	171
133556	39
133967	47
133977	29
135289	518
135872	356
136728	60
136901	180
137020	498
137186	55
137314	166
138133	52
138344	20
138901	322
139058	58
139188	0
139360	17
139600	69
141635	277
141802	5
143256	31
143256	202
143256	218
143256	227
144504	215
145088	226
145082	262
145905	59
146110	67
146664	24
146664	57
146664	475
146664	496
148186	0
148186	337
148186	379
150553	312
151479	215
151474	173
151517	18
151517	417
151864	134
152304	12
152304	33
152304	266
153103	372
153103	324
153127	108
153127	73
153127	51
153127	47
154553	51
155741	33
156223	204
156453	552
156453	53
156453	1
156774	301
157136	186
157748	242
158079	249
158078	45
160221	206
161001	89
161006	42
161199	57
161215	23
161278	51
161278	508
162215	40
162285	51
162341	16
162341	50
164369	48
164931	213
165549	149
168061	26
168101	17
169878	119
170153	258
170920	29
170946	49
171758	200
172189	29
172187	52
172279	359
172368	18
172820	10
172820	48
172955	362
172955	57
175127	36
175894	436
175894	425
175951	473
176052	318
176063	36
177515	38
177515	43
177739	56
178662	6
180859	450
181054	25
181054	28
181054	68
181054	113
182282	83
182479	24
182525	55
182744	4
182744	25
182744	40
184524	249
185544	157
185544	25
185687	581
185853	303
187237	49
187574	339
187574	341
187936	494
188517	56
188845	21
189281	219
191257	180
191257	44
192114	26
192880	394
193069	32
193433	157
193619	45
195022	192
195432	15
195432	253
197131	274
197131	309
197131	331
198326	41
198326	69
198606	212
198957	39
199246	15
199246	58
199310	40
199345	342
199807	328
200243	557
200660	55
201017	59
201530	548
202009	25
202136	23
202150	174
202580	59
202580	39
203255	10
203823	15
203967	0
204922	250
206054	51
207023	360
208312	274
208641	574
208641	560
208641	35
209059	52
209290	67
210056	37
210490	14
210736	123
210753	18
213862	37
214716	12
214715	36
215398	63
215878	12
215878	69
216218	70
218055	183
219132	4
219431	17
219431	266
219758	539
222045	186
222045	8
223513	64
224752	151
224752	1
225173	62
225839	161
225839	205
226478	401
226894	48
227329	535
227329	514
228432	48
229838	4
230237	606
230333	29
230374	180
231085	2
231310	28
231325	164
231325	13
232159	400
232739	47
233150	395
233159	12
233280	33
233280	129
235438	9
236512	22
236512	116
236512	117
237217	54
237223	13
237930	43
238066	162
238209	48
238373	64
238751	242
240386	35
240644	36
240644	139
240911	169
240911	47
241295	750
241295	754
241452	33
242256	366
242487	31
242487	161
243960	3
244999	54
244999	272
244999	304
245729	392
246340	65
248376	4
248535	21
248535	25
250026	264
250182	68
250176	450
250586	45
252421	428
252883	400
253431	12
253431	26
253431	213
253629	128
253940	34
254356	217
254515	146
255148	446
255395	211
255555	324
255555	326
256201	0
256201	234
256576	450
256584	0
258551	235
260087	353
260109	19
260261	53
261432	8
261432	601
261443	20
262859	262
262870	10
263446	482
263446	497
263701	314
263877	47
263877	16
264417	69
264625	280
264976	22
266606	186
267118	514
267533	185
267538	17
267765	0
267777	436
267765	14
267777	35
267765	418
268427	313
268815	21
270088	64
270088	42
270107	67
270107	351
270568	342
270910	35
270920	201
271670	73
272055	25
272393	249
272696	13
273371	12
273665	401
273665	63
274018	62
274555	14
274555	17
274605	495
274605	470
274580	7
275143	48
275167	16
275605	695
275605	26
275605	2
275619	26
275919	46
276420	57
276928	6
276928	2
277766	70
277766	18
277781	8
277801	65
277801	17
277801	3
278088	2
278088	5
278098	16
278113	43
278182	32
278182	17
278739	192
278739	160
278739	41
278739	36
278739	32
279611	16
279611	40
279611	421
279611	485
279873	1
280069	376
280419	469
280419	42
280860	258
281200	51
281474	164
281543	46
281993	72
282107	45
282812	206
283026	29
284481	2
284580	21
284580	357
284880	173
285484	58
286347	20
288185	14
288383	42
288383	62
288383	182
288383	187
289337	46
289337	164
290367	260
290677	150
291120	43
291651	58
293012	45
294454	88
294787	234
295464	38
295464	136
295464	144
295703	68
295945	548
296631	41
296763	357
297437	46
297896	100
298614	21
299059	21
299072	7
299072	6
299059	427
299059	450
299910	355
300931	13
300931	173
301953	15
302060	381
302497	357
303355	98
304954	253
304954	15
305067	17
305315	60
305306	260
305539	9
305539	21
305539	61
307507	39
307551	307
308369	68
308486	60
308512	13
309114	521
309114	485
309114	28
311857	107
311857	34
312292	499
312292	289
312282	243
312792	44
312884	53
312894	0
313331	134
314079	275
314803	256
315087	9
315087	19
316967	219
318176	39
321105	61
321227	226
321615	26
321842	8
323286	623
323286	45
324290	413
324811	488
325047	44
325073	3
326053	68
327055	52
328340	47
328786	525
328786	474
328786	41
329001	11
329152	56
329152	64
329260	379
329260	35
329714	259
329706	257
329823	676
329898	24
330256	64
330580	30
330738	316
330738	274
330738	268
330880	27
331256	68
331267	51
331966	344
333051	3
333183	13
334204	24
335506	113
337263	329
337291	262
338593	44
339397	337
339462	135
340083	146
340449	466
341206	62
341206	61
341597	60
341958	284
341958	268
342060	56
345063	513
345466	41
345466	234
345756	5
347243	187
347265	340
348255	35
348716	329
348725	45
349090	42
350108	137
350102	177
350353	292
350621	640
350770	42
350876	28
352017	306
352556	384
352534	361
353111	73
354522	68
355009	366
355565	69
355711	254
355711	32
357505	1
358022	26
358116	347
358116	47
358407	22
359289	127
359289	145
359300	40
360337	59
360337	211
360764	90
360854	108
360854	54
360854	31
363033	144
363049	21
363049	221
364577	381
364707	422
364697	12
365006	27
365231	6
365231	18
365257	163
365231	70
365231	156
367093	6
367454	219
367986	54
367986	48
368025	120
368165	118
368509	64
368503	392
368891	674
369193	28
369218	14
369230	60
369269	522
369305	483
369678	57
370715	8
371012	22
371012	341
371072	3
371241	541
371428	17
371428	235
371597	47
371597	37
371597	19
371633	15
371664	23
371863	380
371870	590
371863	5
371870	64
371870	7
372139	86
372299	215
372978	266
374098	27
374098	41
374375	252
374404	23
374404	133
374404	152
374404	158
374404	170
374404	190
374404	196
375657	77
375851	54
375851	203
375867	186
376408	383
376938	145
377144	57
377169	34
378343	154
378852	53
379672	361
380877	232
382266	59
382266	192
383600	247
385286	215
386423	814
387893	388
389161	546
389680	31
390266	2
390281	349
390302	56
391064	384
393796	155
394058	45
394730	31
394743	17
395520	426
395520	417
396323	46
396323	277
398441	109
398652	9
399006	55
399125	184
399204	129
399352	368
400225	57
400544	168
400544	172
401488	59
401488	105
401867	67
402069	14
403366	206
403690	210
404531	406
404549	84
405709	160
405703	162
405845	49
407000	46
407000	65
407006	67
407006	57
407899	26
408505	233
408755	44
408854	6
409340	707
409977	56
411002	17
411672	56
412160	262
414007	89
414089	64
414377	20
414528	657
414837	666
414936	48
417989	126
417989	70
418004	94
418950	192
418950	209
419115	260
419115	64
420535	14
421097	173
421225	362
421479	299
421471	278
421702	70
421692	164
422020	503
422020	486
422312	279
422380	62
423386	54
423532	300
425511	59
425525	219
426426	52
426849	239
427503	16
427503	60
427503	64
428459	24
428994	276
429266	2
429569	123
429717	53
429856	586
429856	550
429856	549
433300	290
434385	374
437126	296
437190	24
437363	427
437807	542
440478	11
440559	341
442780	53
443921	255
444288	186
445222	305
445222	340
445239	543
445253	307
445281	150
445624	35
445624	70
445791	206
446142	667
446234	390
447011	143
447620	49
449310	220
451655	23
452136	22
452273	53
452580	12
453295	103
453295	92
453295	43
453689	15
453689	14
454205	198
454380	445
454616	153
455012	274
455251	28
456624	58
456727	238
456739	1
456739	32
456748	66
456739	485
457611	54
457854	247
458271	34
459025	249
459103	205
459441	23
459492	52
459801	45
459801	281
459965	66
460148	52
460899	315
461964	67
461953	538
461964	47
462264	40
463213	351
464535	310
464630	6
466842	70
467531	29
468603	52
468885	29
469334	401
469388	22
469388	358
469541	50
469541	205
469541	215
469541	234
469541	253
471990	475
472419	1
472419	263
473573	27
473893	69
473885	45
474782	36
475302	60
475721	123
476529	119
476529	55
476631	182
476694	376
476933	304
477302	631
477416	10
477651	27
478097	10
478695	337
479535	45
479738	69
479966	20
479966	348
480709	216
482139	247
482238	243
482238	209
482392	60
482404	59
482754	360
483587	287
483635	538
485112	498
485509	22
485520	296
485719	294
486939	10
487828	64
487814	249
488556	51
489232	4
489589	19
489594	59
489761	64
489925	16
490343	1
490679	287
490679	290
490679	293
492744	34
492744	343
492744	387
492858	232
493309	324
493521	67
493649	504
494078	122
495037	354
496916	483
496916	502
496928	3
497112	218
497129	60
497709	112
498952	207
499585	185
500097	1
502294	142
502294	141
502661	69
503947	68
504112	154
504169	593
504169	618
504836	41
504978	43
504978	24
505465	531
505758	181
505758	48
506175	55
506297	215
507897	11
510079	369
510604	61
512248	35
512713	23
512869	291
513153	29
515620	391
516200	29
516200	342
516873	499
517409	64
517977	24
518776	38
518776	43
518792	58
519796	236
520373	48
521571	33
521642	175
522443	57
522443	58
522499	61
522894	135
523126	376
523169	163
524692	9
525034	18
525174	15
525226	52
525403	7
525712	112
526451	68
526520	53
527592	277
528443	51
529056	51
530968	298
530968	254
530995	491
530995	488
530995	12
531088	69
531237	1
531237	197
531341	16
532650	22
532650	197
534909	26
534957	28
535009	270
535135	190
535190	6
535275	106
535275	30
535375	130
536232	27
536497	42
536497	430
536497	440
536703	17
536861	4
536996	50
537172	14
537172	331
537853	32
539145	14
539605	55
540888	364
541422	272
542095	379
543004	37
543081	547
543423	374
543477	378
544939	70
544939	57
544939	47
546867	7
547046	45
547046	66
547227	53
547233	13
547885	153
548265	132
548310	39
549886	54
550166	13
550166	114
550591	3
550800	29
551001	61
552254	50
554145	58
554145	59
554144	153
555660	462
555884	7
555884	26
555884	215
555884	247
556369	141
556361	30
556936	12
557233	494
557233	478
558531	338
558531	339
559117	295
559596	57
561570	61
561691	549
562981	371
563223	52
563405	192
564230	23
564230	62
564835	24
565069	34
565537	338
566152	17
566623	98
566694	675
567033	318
567374	215
567385	495
568617	25
568666	47
568732	36
568732	15
569371	266
569385	187
569939	15
570568	34
570626	13
571163	68
572780	49
573195	14
573541	39
573662	514
573984	432
574084	54
574075	330
574470	36
575329	45
575713	44
575713	232
576666	176
576971	340
577664	55
578178	47
578573	432
578778	28
579857	280
580155	27
580188	169
580184	161
581180	3
581565	315
581615	141
582312	10
582600	286
583819	302
584367	92
585690	49
585690	476
586671	14
587339	56
587447	331
587447	65
588107	54
589360	31
589497	63
589509	55
589523	185
589542	324
589819	18
589819	547
590774	47
590788	136
591772	200
592091	222
592091	42
592560	223
593088	220
593154	64
593431	147
594589	47
594621	329
595253	53
595753	61
596069	124
596277	49
596431	453
598715	25
599141	635
599675	312
599858	434
600219	57
601740	69
602648	422
603547	55
603967	90
605007	5
605013	45
606435	195
606768	5
607755	2
607755	38
607755	61
608238	512
608947	24
609020	209
609020	215
610115	255
610115	53
610274	305
610623	129
610623	2
611166	126
611258	243
611258	224
612304	65
612990	505
613419	197
613427	9
614431	426
614720	1
615379	12
615567	152
615646	23
615801	163
616231	112
616231	149
616374	51
616374	109
616374	112
616374	142
616471	67
617020	279
617406	63
617406	468
618659	24
619432	11
620063	386
620877	69
621018	99
621131	483
621204	258
622134	61
622147	9
622189	329
623396	18
623396	30
623396	292
623427	39
623427	23
623866	133
625029	185
625063	33
625320	33
625320	666
627447	64
628895	10
628914	12
628933	168
628961	37
629874	60
629908	190
630045	467
630031	45
631882	4
631989	215
632433	22
632438	221
632438	222
633441	56
633441	68
634303	62
635022	9
635537	391
635607	23
635607	25
635607	39
635621	44
635621	24
638438	425
639057	222
639691	69
640416	202
640416	183
640416	172
640416	65
640450	27
641291	1
641703	68
643064	16
645067	301
646115	500
646955	67
648433	137
648892	70
648934	691
649115	336
649149	244
649136	25
649136	27
649136	180
649149	30
649149	29
649149	7
649513	437
650478	64
651361	68
651361	36
653693	345
653715	67
654128	31
654175	2
654303	235
655422	32
655655	453
655897	33
656607	389
657767	352
658256	167
659362	156
659395	585
659658	45
659834	12
661709	43
661726	34
661883	23
662275	34
664956	22
666338	160
666338	65
667018	5
667093	3
667889	69
667889	18
669246	48
669246	37
669246	27
669594	620
670129	238
670129	243
670427	53
670727	366
670727	381
670744	378
671853	165
671958	116
671949	120
672143	54
672199	194
672186	228
672574	374
674168	61
674531	31
674859	28
675012	10
675628	123
675628	66
677666	366
678409	453
680580	42
680709	12
680721	361
681484	92
681484	36
681484	23
681729	397
681774	41
683216	153
684013	220
685234	312
685234	286
685226	339
685673	432
685681	8
686488	62
688123	350
688114	66
688647	455
688844	13
688844	153
689483	0
689483	20
689483	54
691435	1
691435	430
691435	468
691460	5
691519	88
691829	121
691816	124
691816	127
691816	160
692606	46
692806	30
692932	10
692932	8
693033	368
695382	47
696164	272
696291	124
697626	468
698131	392
698319	197
698731	447
698731	48
699073	24
699132	36
699132	210
699132	234
699405	14
699611	15
699889	406
699889	369
699889	7
701065	29
701116	10
701116	15
701116	29
701116	55
701116	148
701116	161
701116	186
701199	35
701497	64
701497	38
703828	52
703915	11
704896	388
705025	169
705301	56
705439	0
705604	106
705778	68
706565	353
707249	24
707249	436
709354	179
709747	3
709960	63
710335	112
710558	1
710558	16
711043	44
711043	326
711548	160
711548	106
712437	138
712437	45
712437	0
713873	746
713873	27
713873	17
714253	61
714246	197
714476	12
715120	396
715417	15
715417	26
715417	62
715907	25
716771	106
716938	5
716947	23
717516	44
717953	172
718600	10
718600	188
719175	22
719237	611
719237	56
719585	588
719843	34
719843	65
719932	45
720549	17
720599	302
720599	301
720807	50
720807	592
721781	315
722212	384
722661	618
722661	641
723268	34
723629	100
724336	221
724579	55
724675	43
724675	48
724675	62
724676	68
724676	305
725578	161
725906	441
725968	480
727066	34
727066	110
727152	44
727697	182
728420	34
728426	12
728694	26
729069	13
729069	40
729069	113
730354	0
730354	190
730615	37
731908	243
732759	77
734209	19
734384	34
735408	305
736541	34
736563	43
736561	48
736973	15
738458	65
738458	63
738782	446
738782	70
739651	397
740013	119
741257	14
741257	50
741739	287
742249	407
742322	5
742574	426
742584	17
744249	619
744565	32
744565	246
744858	53
744998	57
745592	103
746028	41
746028	419
747481	189
747981	196
747981	171
748043	53
748053	156
748043	206
748043	209
748170	204
748431	40
748431	62
748431	320
748431	322
750070	99
750152	16
750307	60
750307	466
750410	38
751151	44
751519	411
751520	397
751519	362
751520	356
751531	24
751519	7
751980	11
752399	429
752399	447
752421	37
752432	47
752765	289
